-36.5157 -61.5611 -17.8276
-23.7409  -72.724 -11.2807
-37.2291 -80.5926 -17.2891
-17.4475 -86.1206 -16.0626
-24.3745 -96.4307   -13.79
-41.6333 -86.3182 -4.51212
-7.85556 -97.1933 -8.97111
-46.4749 -72.2588  4.71608
-24.9626 -95.3639  4.15306
-39.8843 -83.1477  12.2972
-11.3364 -96.1799  15.8292
-25.4214 -83.7998   19.918
-25.3856  -53.605 -9.18771
-12.9326 -61.1425 -5.50907
-7.07707 -75.6337 -7.13416
-14.0332 -42.6716 -5.29889
-14.8171 -56.5976 0.646341
-5.27436 -88.2846 0.197436
-7.89623 -73.6887  8.07193
 -20.264 -64.3876  5.25281
-3.41483  -84.167   22.666
-12.7542  -71.184  19.0322
-16.8008 -89.7114  32.0041
-12.8103 -81.0632  34.0977
-8.47436 -15.2778  46.5855
-40.8077 -15.2692  46.6923
-50.2234 -16.6915  53.6064
-48.6707    -29.5  57.3943
-38.7593 -25.5741  51.2407
-9.28571 -38.2143       53
-5.06098 -24.9878  55.7439
-4.55691 -8.73577     58.5
-35.8277 -18.8898  63.3701
   -32.7 -29.6333  62.0556
-30.4655 -38.8563  65.8103
-23.6258 -11.5629  64.5252
-19.8077 -24.3462  67.8077
-8.92574 -42.2129   70.104
 -4.1875 -25.6719  68.1875
-14.5145 -12.5725  71.7754
-19.9186 -31.3372  68.1279
-19.5211    -40.7  71.3632
-12.46 -26.54  73.94
   -50.9308    -8.63846 -0.00769231
-56.6786 -20.6161  7.08036
-35.6463 -23.9146  9.52439
-38.0455 -8.72727  12.3636
-35.9839 -26.0806  18.5323
-59.1524 -36.4405  15.1278
-41.3571 -34.9571     14.1
-48.9222 -12.5444     13.7
-60.1977 -1.19767  10.3837
-48.3947 -23.2368  17.5263
 -61.627 -16.7857   18.754
-59.7223 -1.67277   23.268
-63.2778 -10.1019   30.463
-53.6709 -8.58228  28.9964
-51.6304 -7.43478  43.1739
-48.7222 -16.7222  39.0556
-45.6605 -41.1597 -22.1756
-33.1038 -41.2183 -21.2722
-49.0505  -55.298 -17.0562
-45.7056 -69.7056 -9.70561
 -48.235 -65.0641  13.4829
-31.9103 -84.1282  25.5256
-27.0319 -70.2872  28.6064
-22.1374 -78.7527  43.3901
-23.2273 -65.4545  44.8409
-29.2021 -58.0532  48.4787
-37.0517  -52.569  54.8621
-15.0928 -71.9551   55.476
-28.9754 -61.8279   60.418
-62.2262 -23.3032  32.3923
  -55.25 -20.6071  40.6429
-55.5374 -31.8178  43.6963
-45.9828 -28.8793  42.3966
-38.6143 -37.6143  48.6714
-30.6245 -46.9559  62.5404
-7.56494 -59.0984   63.111
-20.1411 -57.3622   64.897
-13.8448 -51.1552  71.1897
-40.9688    -2.75  50.3125
 -26.2647 -0.941176     54.25
-30.2843 -8.71569  50.5392
-50.0393   1.9382   37.309
-55.3171 -31.2073  21.8537
 -58.411 -43.9532  25.6838
-61.6188 -36.2221  32.5293
-39.5683  2.27073 -5.12927
-39.5923 -13.8231 -2.63846
-33.2222  19.3333   7.7963
-36.4545  5.04545  10.3182
-50.6059  1.87647  3.86471
-52.1296  8.53704  12.2037
-12.16  -28.1  40.04
-12.8333 -42.2059  46.6961
 -6.24 -49.72  56.36
      -7 0.532609  39.6739
-5.55814  9.18605   47.686
-8.70588       -3  70.3824
-38.7131  49.6929  10.9636
-29.4038  43.2111  29.4448
-36.2953  31.0731  37.6696
-33.7273  16.8636 -9.09091
-32.8623   25.442 -1.55797
-43.4608   12.402  1.83333
-27.5272     49.5 -13.0952
-6.59091  21.6898  30.1791
-12.7069  25.5862 -21.3211
-23.9936  22.9723 -20.2404
-10.5997  48.0017 -21.3797
-4.2673 23.3365  -19.25
-16.3654  64.7115 -7.98077
-37.9841 -4.88217 -43.2261
-25.8077  6.71893 -39.9024
-26.7241 -8.63793 -33.7241
 -54.631 -20.6429  -32.131
-40.3982 -20.9671 -27.2485
  -31.66  11.8657 -30.0371
-44.6398  5.80108 -16.6613
-55.6985 -61.3931 -1.91774
-29.3165 -74.3257  40.4725
-59.1721 -41.6967  43.5738
-35.0517 -62.2931  45.3621
-45.1324 -41.9559   45.614
-33.1383 -46.9681  39.8644
-21.9211  4.11722  64.1938
-48.5189  35.7138  10.0346
-41.9493  38.1369  21.1445
-49.3043  6.40761  26.1522
-45.1668  20.1939  26.8209
-39.2067     6.36  32.7933
-4.12069  6.12069  27.9483
-60.7975 -35.5325 -18.6506
-61.0745  -47.883 -11.2327
-49.4304 -59.7957  45.2217
-53.9098 -50.0246  42.5984
-42.8846 -52.9872  47.8077
-30.6702  13.2872  57.4362
-42.6249  49.5637 -6.24267
 -28.3732   58.6549 -0.260563
-28.1105  57.0158  13.2474
-4.06959  27.7211  46.8197
-11.7781 -69.7689  29.6903
-9.30583 -77.4612  43.7136
-4.96321 -64.4103  50.7347
-5.97059 -39.9118  23.6765
  -5.199 -23.6716  28.3085
 -47.774 -63.7072  29.5359
-41.7963 -72.3571  41.5741
-25.0824  27.6868  42.3022
-19.0402    35.01  48.3501
-22.473 19.1216 51.3378
-4.75929 -52.8499  19.6716
 -5.5889 -60.5649  29.5161
-7.63861 -44.8861  31.5495
-4.47727 -34.3182  37.1364
-2.76761 -16.2042   36.838
-3.40909 -67.9545  39.4318
-7.46998 -51.9607   42.058
-5.31928  55.8494 -9.59639
-6.56306  35.8401 -8.53523
-6.48969  60.3866   7.2732
-6.62403   45.593  6.33721
-16.9925  67.7239  8.47015
-5.86748  34.3171  20.3634
-43.8117  13.3338 -34.3935
 -54.612 -1.25676 -29.9402
-62.2222 -17.2222 -20.8889
-57.5837 -8.60879 -14.3033
-61.6786 -34.0667 -3.85424
-52.6807 -22.0904  -6.1988
-46.1931 -57.8069  19.5396
-57.1512 -54.5058  27.7791
-4.41514  50.7876  28.3611
-13.9922  57.7046  31.0072
-22.305 49.5409 31.9827
-8.8913 42.1522 51.9783
-12.9488  23.8431  60.5917
-6.68325  10.0602   64.144
-41.9054  18.6892  46.8333
-41.9242  6.93636  47.7848
-37.1604   22.783 -16.0157
-36.5682     37.5    -13.5
-47.5943   32.783 -11.2925
 -48.5267     28.62 -0.273333
-53.9753  19.3834  10.9933
 -40.933 -78.5206  28.8608
-12.3182 -46.0455  2.40909
-8.53571 -51.3571  8.10714
   -14.5 -59.6429  17.7628
-21.7963 -20.0926 -26.8704
-31.1952 -31.9587 -18.4714
-18.7583 -37.2133 -12.3555
-53.9699  7.25904 -11.6084
-60.9824 -11.8882 -3.40588
 -62.765 -30.9957  4.21795
 -51.575 -42.6019  3.95419
-57.8511 -53.5992  8.55344
-59.741   -48.5 14.2711
 35.3107 -52.8718 -17.5679
 36.1914 -72.8144 -15.7365
 23.2919 -72.9173 -11.1274
 18.9125 -87.7054 -13.9896
 41.9324 -83.3378 -13.4527
 24.9054 -96.2027 -11.9189
 8.16867 -92.4337 -3.00602
 34.9615 -88.1923 0.532544
 22.9259 -98.3519  6.25926
 43.4117 -78.2762  9.35591
 12.1978 -93.9889  17.1622
 26.5919 -87.4039  19.0642
 26.1518 -51.1863 -9.17194
  17.619  -35.631 -12.8571
 8.56324 -71.8409 -6.06423
 12.5166 -56.9905 -3.97341
 17.4492 -43.3814 -3.80508
 8.67334 -73.2907  7.30706
    22.5 -59.6478  4.95217
 15.9692 -66.0616  18.1185
 4.55405 -79.5631  22.6712
 13.9434 -77.9712  32.1303
 15.0098 -88.0098  34.6111
53.5345 -17.431 39.8103
 52.3824 -12.9118  49.9118
 44.0806 -10.6935     48.5
 49.3958 -25.4583  55.1042
  6.1988 -10.5482  50.7169
41.119  -21.5 52.881
 36.4821 -19.1071  62.8571
 32.8871 -34.6613  63.7258
30.2882   -40.7 63.2529
      34 -27.7727  60.5909
 4.07576 -24.4091  57.9949
 27.8814 -11.7474  64.1701
 8.36207 -40.5805  67.1897
  20.625 -24.6875  66.6875
 21.7941 -29.1471  68.7353
  21.875 -35.3333  70.0833
16.025 -6.325  69.55
 4.96341 -22.0854  71.5488
 16.5851 -17.0106  72.9468
 12.6579 -32.9737  75.8684
52.1298 3.39149 -5.7418
 52.9368 -13.1092  5.01724
38.0333   -19.3 4.96667
 36.5714 -7.61607  13.5714
    33.9 -21.6333  14.0333
 59.7226 -22.9304  10.3194
 40.7105 -13.3684  18.7105
 40.6136 -29.4375  17.4773
 49.0455 -9.49432  12.6818
 58.6667 0.943237  9.96014
 48.1207 -21.8491  17.8793
 61.5385 -11.9712  15.1154
60.4007       6  30.431
 60.1397 -5.00703  24.4278
 51.5667 -6.16667  36.6333
 33.2674 -35.3693 -23.8254
 49.4053 -48.3421 -18.7316
 49.6191 -64.0596 -9.48556
 47.8851 -64.7524  4.07929
 54.0939 -55.7254  11.7777
  35.044 -79.6471  23.0519
 28.5794 -78.4116  36.1069
 31.2174 -66.6522  34.6304
 16.9667 -79.8333  48.6333
 30.8871 -63.3065  52.1774
 20.1903 -69.4226  52.5435
 33.4595 -51.2027  53.9054
 25.8222 -58.7222  60.2333
  12.814 -64.6346  64.2666
 58.8265 -54.3367 -3.02381
60.3763 -14.634 29.5103
 56.1923 -23.3974  43.7308
 43.5645 -38.0806  50.2419
  44.291 -28.1866  40.8881
 34.2705 -36.0902  49.8443
 6.34348 -54.0826  58.9783
 23.6812 -50.3859   67.802
15.7527   -47.5 73.5549
 38.6837 -3.86735     52.5
 26.8305 -3.93198  50.4457
 23.9222 -3.36667  63.1222
 57.6556 -31.6037   23.863
 59.6364 -22.5758  21.6364
62.2727 -26.303 37.3485
 50.244 2.77906 40.1268
 40.3094    5.038 -16.5429
 40.0556  9.05556 -3.08838
 39.48 -10.02   -5.1
 39.2727 -2.18182        5
37.2059 6.79412 10.4412
48.2358 4.89623 3.15566
52.9195 11.6029 11.3356
7.35714 1.85238 42.4143
  11.266 -16.9894  40.3723
11.6236 -33.927 41.6011
 4.8038 9.63924 57.6392
 9.44737 -43.8158  52.5526
 9.71429 -33.1429     50.5
 6.07576 -1.90909  66.1515
15.4818 5.99091 69.1545
 62.0944 -38.0175  35.9126
48.8866 40.3739 5.48319
41.2464 46.0467 14.6411
24.7635 54.1542 25.2126
32.0327 43.9634 28.9724
32.5286 21.4714    -6.8
35.9928 23.4809 5.68182
7.15672 34.7264 25.5896
6.80385  18.232 34.4622
12.2667 24.3667 -20.575
 22.5141  23.3601 -20.1745
 7.19663   46.882 -22.8933
 19.6566  43.6446 -17.5843
 4.06303  21.8866 -20.5945
 8.71302  63.4527 -13.7899
  27.5209 -0.929319  -41.0079
 48.4048 -5.87415 -39.9354
35.9765 17.2987 -37.453
 38.6221 -14.1714 -32.0164
 28.1606  12.3493 -30.8881
 49.1776 -27.7787 -25.8607
 34.1703 -71.4341  45.9286
 54.0789 -32.6053  50.7632
 46.2727 -44.7727  45.9545
 34.9112 -45.2757  43.0234
23.3495  9.2957 57.5968
48.7333 30.1458 18.6833
47.4916 17.6933 24.0882
46.9133 28.3267   28.54
47.9025 7.46334  24.571
38.1561 9.94049 33.6488
 4.08974 0.858974  30.0897
  61.452 -27.8875 -20.0387
 62.6681 -41.2611 -11.2788
 54.3592 -45.5563  33.2324
 54.2563 -53.5102  43.5254
55.0316   -41.5  47.462
 40.4861 -55.6806  47.8056
38.6361 32.6361  38.466
44.5243 17.9818 43.7621
42.9844 5.41487 50.8106
 33.613 14.8304 56.1935
  34.813  38.1609 -12.9174
 27.6818  55.0341 -13.1591
 41.9957  51.4391 -5.59565
27.0391 59.5342 3.40234
4.24335 28.0733 48.1338
 16.6633 -63.6224  27.2347
 12.9618 -71.6811  38.1662
 5.24699 -64.1506  42.8404
  6.72 -50.18  43.86
 7.68908 -71.9184  51.3986
7.83333   -43.5    20.5
6.16667   -26.1    27.5
  60.125 -7.21094 -23.6895
 53.4429 -53.7667  25.4429
 46.8593 -64.8054  41.3743
25.6824 33.5566 38.8459
23.2595 25.5759 51.1424
 5.27083 -51.8125  22.1875
 4.04386 -63.9561  30.7105
 6.21975 -39.6146  34.3471
 3.58738 -19.8495  36.7718
 9.51818 -52.3727  33.8818
 4.79102  41.1533 -10.1223
8.51316 67.3421 1.46053
6.92373 42.1695 4.87288
6.80935  54.955 12.6871
16.9963 65.3534 16.6436
5.42308 25.3205 17.9167
 62.5597  -22.306 -7.97761
  63.1667  -37.0507 -0.137681
  48.653  9.27688 -33.0623
5.60345 57.1207 29.3103
15.7549 52.0686 36.7549
    4.1 44.0667 39.6667
13.5682 38.0227 52.7841
 11.629 19.3065 62.3844
 34.2391  23.1522 -16.8043
 47.7222  31.8333 -7.23148
52.9232  24.611 6.65353
 47.9636 -64.3943  21.1727
 45.4114 -75.2089  29.6266
 14.0789 -45.5526  3.13158
 12.4858 -54.2323  14.9681
 22.4286 -17.4286 -27.9048
 30.7587 -30.3755 -17.7006
 47.4937  16.5692 -19.5063
 54.2703 -3.83784 -14.7703
 47.9419 -19.8953 -7.82558
  61.537 -17.9938 -1.14198
 48.7689 -32.6008 0.852941
 59.0106 -45.9043  6.56383
 49.2421 -40.2298  11.7628
 64.2908 -34.2178  9.90704
 54.0636 -45.9727  19.0818
 61.0614 -40.2368  21.2368
-10.4426 -18.2891  6.33979
-12.9413   11.824  8.44413
 -25.5498   1.91294 0.0323383
-19.7075 -4.19811 -1.91509
-26.4498 -19.1393 -17.0799
-23.7056 -3.92056 -18.7523
-9.92857  11.6429 -8.07143
 10.6046 -17.5536  6.55094
12.6064 12.9441 9.08777
25.135   3.09  0.005
 19.5192 -3.30769 -1.88462
 27.1261 -18.1783 -16.8739
 23.1094   -2.625 -18.8281
 8.68182  12.0455 -7.13636
-nan -nan -nan
  1.9252 -68.0551 -26.6575
 13.0951 -48.0825 -25.7764
 12.9234  -58.358 -24.7628
  2 -74 -30
  19.185 -59.3378   -50.46
 18.6854 -57.5939 -34.4884
 40.3612 -49.0143  -35.624
 17.4288 -45.8782 -35.4026
 5.37589 -59.0355 -56.8723
 20.2115 -45.9038 -50.3846
 24.7002 -67.8285 -40.3078
 33.7965 -65.7086 -37.1288
 31.5 -57.5   -51
 19.2854 -38.8985 -44.7203
 30.6166 -57.1707 -41.7373
 27.6342 -77.1024  -33.672
-nan -nan -nan
-2.92373 -67.4746 -26.7288
-14.4659 -46.2867 -26.0242
-12.0522 -57.3124 -21.5426
-6.10417 -73.2083 -39.6667
-15.5652 -62.0016 -49.1829
-20.6007 -56.3048 -39.4043
-39.0774 -51.9825  -36.133
-16.8236 -44.7239 -34.3853
-4.62595 -59.5267 -57.5573
-23.9301   -46.31 -48.8936
-22.0452 -69.0508  -39.723
-33.2597 -68.1743 -36.8653
-18.3077      -73      -39
-15.9922 -39.0836 -42.6214
-15.6236 -65.2914  -40.702
-27.0949  -79.423 -34.7972
