-36.2772 -61.7054  -18.167
-23.9557 -72.2525 -11.5441
-37.0125 -80.8775 -17.3478
-17.4519  -86.146 -15.9736
-24.9107 -96.2534 -13.4124
-42.0538 -85.9308 -4.75641
 -7.9372 -96.8208  -8.7323
-46.6495 -72.5748  4.63551
-24.9312 -95.3744   4.4253
-39.9155 -83.2465  12.6408
-11.4142 -96.1122  15.6658
-25.4139 -84.2872  20.4054
-25.0736 -53.9132 -9.16452
-12.6838 -60.6954 -5.55287
-7.20511 -75.2817 -7.11573
-13.9643  -42.333 -5.78703
-14.6031 -56.3557 0.556701
-5.13309 -87.9125 0.255396
-7.87255 -73.7135  8.03976
-19.3804 -63.7186  5.56932
-3.46374 -84.1796  23.0011
-12.6975 -70.6851  18.9782
-16.5062 -89.4154  32.0839
-12.532 -81.322  34.452
-8.37421 -15.7893  46.3994
-41.4848 -14.8452  47.4797
-49.2143  -17.881     53.7
-47.8046  -30.092  57.6954
-39.684 -25.284   52.38
 -9.0942 -38.0362  53.0362
-4.79907  -25.285  55.6963
-4.39892 -9.12816  58.5975
-35.0168 -18.7773  63.1429
 -32.553 -29.4394  61.6515
-30.3216 -38.7528  64.3476
-24.0202 -11.2008  64.3895
-19.7741 -24.7519  65.9741
-8.90426 -42.1596  69.6844
-4.52874 -26.2414   68.069
-14.7242 -11.7287  71.7152
-18.9565 -31.4855  68.2029
-19.5077 -40.4846  71.2615
-12.3571 -27.2679  72.7679
  -50.2959   -9.27551 -0.0459184
-56.4429 -20.8592  7.20204
-36.5927 -23.5662  9.36755
-38.8083 -8.63834  12.2747
-36.1628 -25.7907  18.4302
-59.0897 -36.5047  14.9062
-41.6429 -34.4458   13.766
-49.1862  -12.387   13.659
-60.0517 -1.84483  10.7672
-48.6154 -23.6538  17.3269
-61.4239 -16.9924  18.9619
-59.7348 -1.83412  23.2512
-62.9322 -10.1796  30.6658
-53.7217  -8.8343   29.501
-51.3808 -7.31457  42.6126
-48.4883 -16.7807  39.6871
-45.4567 -41.7191 -21.9693
-32.7848 -40.8173 -21.4251
-49.2274 -55.1752 -16.9749
-45.6597 -69.5481 -9.80197
-48.3743 -64.8371  13.4257
  -32.31 -83.9661  25.5317
-26.8814 -70.3344  28.9036
-21.7355 -79.0869   43.195
 -23.22 -66.012  44.924
-29.2215  -58.538  49.1203
-36.3521 -52.3282   54.801
-15.4188  -71.632  55.5355
-28.7115 -61.6923  60.8269
-61.8545 -23.2298  32.2671
-55.3342 -20.2981  40.2059
-55.3117 -31.7987  43.9091
-46.7415 -29.6014  43.2874
-39.4684 -38.0368  49.2754
-30.6598 -46.7994  62.1067
-7.89508 -58.9678  62.3309
-20.2133 -56.9827  65.2668
-13.4391 -51.0913  71.0826
-40.8301 -2.84304  50.7686
 -26.2232 -0.974576   54.6582
-30.5214 -8.52139  51.2112
-50.4698  2.16415  37.4774
-55.1376 -31.4786   21.719
-58.5208 -43.8152  25.9691
-61.6642 -36.0765  32.5709
 -39.236  2.42516 -5.11538
-40.2913 -13.8652 -2.24783
-33.4881  19.6621   7.6581
-36.9818  4.89416  10.1861
-50.9788  1.99807  3.85521
-52.5741  9.16667  12.8457
-11.4964 -27.8791  40.6264
-13.0731 -41.9503  46.8099
-6.34496 -49.6163  56.5155
 -6.9937 0.306045  40.0491
-5.8107 8.80026 47.8812
-8.98544 -3.17961  70.4029
-38.6917  49.5493  11.1869
-29.4366  43.1752  29.5889
 -36.41 31.4829 38.0374
-33.8924  16.9684 -8.84177
-33.4082    25.07 -1.34058
-43.8497  12.4264  1.79448
-27.5518  49.7804 -13.3936
-6.45583  21.3694  30.6364
-12.8701  24.7691  -20.904
-24.0645  22.9239 -20.1956
-11.0875  47.8226  -20.933
-4.40543  23.8454 -19.1543
-15.9418  64.8473 -7.97033
 -37.947 -4.96026 -42.8344
-25.6328  6.30952 -38.7857
 -26.138 -8.46933 -33.0767
-54.3452 -20.8806  -31.928
 -40.601 -21.3485 -27.0758
 -31.971  11.9942 -29.9153
-44.6791  5.79851 -16.7164
-55.6009  -61.185 -2.17965
-29.3073 -74.6891  40.7982
-58.8212 -42.0954  44.3275
-34.9201 -62.6006  46.3817
-45.4909 -41.8448  46.0977
-33.6159 -46.9951  40.2058
-21.7148  4.64967  63.5217
-48.3734  35.5554  9.97493
-42.1098  38.0766  21.3998
-49.9474  6.45066  25.1184
-44.8727  20.4432   26.739
-39.6732  6.99071  32.9608
-3.80411  6.01283  28.0308
-60.6774 -35.8769 -18.9758
-60.9821 -48.3653 -11.2241
-49.4408 -60.0329  45.4408
-53.7179 -50.1154  43.3205
-42.6026 -52.6795  47.1522
-30.4364  13.1113  56.6802
-42.3853  49.6158 -6.48324
 -28.4936   58.8567 -0.226115
-28.0949  57.3101   13.457
-4.21458  27.5711  46.9309
-10.8091  -69.937  29.8121
-9.57353 -77.5809  43.8309
-5.45488 -64.3369  50.9005
-6.18934 -40.5344  22.7602
 -4.564 -22.188  28.444
-47.8478 -63.5305  29.8085
-41.8602  -72.519  41.8289
-25.281 27.7555 42.9818
-18.9031  35.3462  47.9821
-22.8672  18.9453  51.3047
 -4.6605 -53.0493  19.6902
-5.83252 -60.5935  29.2571
-7.94355 -44.8165  31.5161
 -4.4569 -34.3879    37.25
-3.08537 -16.0415  36.5341
-3.52778 -68.7222  39.7656
 -7.2468 -51.3645  42.2359
-5.22678  55.5546 -9.63115
-6.44465  35.4177  -8.6321
-6.87795  59.7126  6.97244
-6.63178  45.2326  6.37984
-16.5541   67.527  8.85435
-5.93204  33.9378  20.5624
-43.7944  13.4339 -33.8256
-54.4486  -1.1367 -29.8431
-62.0388 -17.0936 -20.9703
-57.5059 -8.41124 -14.3698
-61.1218 -34.2107 -3.96174
-52.9268  -22.069 -5.70502
-46.2492 -58.4703  19.5627
-57.0479 -54.3293  28.1688
-4.72323  51.2086  28.4307
-14.2844  57.2425  31.3988
-22.3707  50.0693  31.7702
-8.41428  42.2055   51.649
-13.0445  23.6832  60.6243
-7.01799  9.92206  63.9029
-41.7614  18.4508  47.2841
-42.1214  6.59223  48.0777
 -36.139  22.8088 -15.9869
-36.4048  37.3571 -13.4361
-46.6818  32.0549 -10.7633
  -48.2143    28.8069 -0.0185185
-53.4647  19.7275  10.9863
-40.8712 -78.5144  28.7245
-14.0364 -48.3933  3.45057
 -8.4759 -51.4036  8.72892
-13.5133 -60.1807  17.5321
-21.5594  -20.203 -26.1436
-30.5717 -32.0543 -18.5514
-19.1299 -36.7897 -12.2371
-53.2564  6.69026 -12.0545
-61.0198 -12.0727 -3.21366
-62.2144 -31.4143  4.28973
-53.1415 -42.4802  4.06924
-57.1133 -53.2072  8.49586
-59.0354 -48.4528  14.7274
 35.0278 -52.9691 -17.5137
  36.773 -73.0367 -15.7384
 22.9214 -73.0281 -10.9828
 18.9086 -87.5951 -13.7477
 41.8026 -83.0875  -13.159
 24.6818 -96.0263 -11.4043
 7.89514 -91.6185 -3.09632
  34.901  -88.185 0.741227
 23.0769 -98.3053  5.90385
 43.2895 -78.4123  9.74502
  12.178 -93.8753  17.3102
 26.6252 -87.1514  19.2728
 25.6762  -51.331 -9.28332
 17.7896 -35.1128      -13
 8.65941 -71.6832 -5.67366
 12.3306 -57.1511 -3.60709
 17.3426 -44.2315 -3.15741
 8.47475 -72.8693  7.06754
 21.1178 -58.9968   5.2707
15.2733 -65.838 18.1148
    4.54 -80.0517    21.78
 13.7931 -77.8698  32.3311
 15.6911 -87.2832  35.1014
 54.0714 -17.3286  39.6857
 51.7811 -13.3432     48.7
 43.5513 -11.3462  47.7222
48.5921 -25.954 55.2905
 6.44792 -10.4583  50.8385
 41.8716 -21.5929  54.1995
 35.8774 -18.6617  62.8315
 31.9497 -34.5828  62.6243
 30.5213 -41.0617  63.4574
 33.6244 -27.6917  60.4637
 3.88971 -25.1618  57.8897
 28.164 -11.436   64.26
 8.67692 -40.5692  67.5231
 20.7061 -24.9427  65.5305
 21.6884 -29.3986  67.4275
21.7727 -35.487 69.9156
 16.3235 -6.73529  69.0023
4.96008 -22.462 71.2262
 15.7667 -18.9211  72.0825
 12.2838 -33.3649  75.1351
  52.555  3.07413 -5.74287
 53.0106 -13.2082  5.18941
 39.3217 -17.9076  4.28981
 37.3992 -7.57563  13.3487
 34.2713 -21.1825  13.7923
 59.6429 -23.3791  10.2689
 40.4123 -13.2456  17.6754
40.9802 -28.999 17.4586
 49.0245 -9.74061  12.3555
58.6504 1.00291 10.1254
 48.4625 -21.5969  17.9625
 61.3537 -11.6275  14.8003
 60.199 5.90975 29.5093
 58.6897 -5.84213  26.7699
 51.0484 -6.85484  36.6613
 33.2674 -35.7935 -23.3721
 49.3581 -48.7411 -18.6164
 49.6416 -64.0009 -9.76425
 48.1208 -65.2112   3.7816
 53.1961 -55.4579  11.8935
 35.1427 -79.6697  23.2647
 28.4033 -78.2507  35.7049
 31.1493 -67.0448  34.9254
 18.0839 -79.5219  48.7135
 30.4384 -64.2536  52.5237
 20.3589 -69.0672  52.2764
    33.5 -51.0714  53.7857
26.1869 -58.596 60.1616
 12.9966 -64.4726  64.1492
 58.8093 -54.1486 -3.05255
 60.7231 -14.7149  29.7479
 56.6553 -22.9969  43.5373
 43.0546 -38.1245  49.4738
 44.6698 -28.7075  42.4151
 35.2557 -36.4729  51.0385
 6.87349 -54.2149  59.2831
 23.9493 -50.4945  67.6644
 15.5714 -47.2302  73.2302
 38.9868 -3.58553   52.375
 27.1316 -4.09211  51.6908
 24.25 -3.575  63.35
 57.4251 -31.3934  23.8055
 59.8521 -22.3552  21.9754
 62.1234 -26.2662  37.5195
50.5021 2.91543 40.4194
  40.032  5.53259 -15.9714
 40.0116  9.24419 -3.03973
 39.7375   -10.09 -4.67625
 38.6792 -1.00289  5.05202
37.8816 7.47039 10.0839
48.9927 5.44076 3.41488
53.3586 12.1019 12.1324
7.05606 1.79291 42.7357
 10.5833 -17.5238  40.7857
 10.8961 -34.0451   42.002
5.24634 10.0951 56.9829
 9.71384 -43.7453  52.8836
    10.1 -32.8368  50.1211
 6.32736 -2.13518  66.0668
 15.675  6.1125 68.7625
 61.6029 -37.9286  36.4771
48.4645 40.4326 5.52128
41.2207 45.9905 14.7853
 24.751 53.8031 25.3169
 31.939 44.2807  28.909
 33.4245  21.6321 -7.25943
36.7044 23.1253 5.22203
6.98882 34.6781  25.659
6.83168 18.1292 35.0705
 12.7414   23.848 -20.5525
22.5704 22.7531 -20.178
     7.3  47.2842 -22.7526
 19.4563  43.4782 -17.6659
 4.29612  22.3188 -20.8722
 8.85632  63.1322 -13.8678
  27.3046 -0.821839  -40.6322
 48.2716 -6.04822 -39.6946
 36.1977  17.0995 -36.8908
 38.8888 -14.2859   -31.71
 28.1773  12.5012 -30.8124
 49.4816 -27.2373  -26.371
 34.6095 -71.2153  46.1807
 53.4302 -33.6628   50.686
 46.2922 -44.5909  46.1753
 35.9267 -45.2733    44.68
23.7973  9.4009 57.3806
48.5776 30.0319 18.7902
47.7905 17.6174 24.0794
46.8385 28.4302 28.5155
48.4797 7.73054 24.6128
38.8271 10.1975 33.6634
 4.27863 0.889313  29.8206
 61.2021 -28.2163 -20.3085
 62.7788 -41.7168 -11.1239
 55.5504 -45.8782  31.7605
54.0661 -53.326 44.0383
 55.0502 -41.3514  46.9137
 40.4465 -55.6437   48.131
38.5131  32.936 38.5209
44.0573 18.4229 43.9283
42.6637 5.55195 49.9996
33.8626 15.1112 55.4827
 34.6111  38.2014 -13.1528
 27.3821  55.2764 -12.9988
  41.788  51.4507 -5.75247
26.9655 59.7227 3.33742
4.35002 27.7648 48.1336
 15.9937 -63.8354  26.9953
 12.6244 -71.9948  37.9569
 5.23709 -64.4906  42.8826
 6.71162 -50.1432  43.9398
 7.97386 -71.4701  51.2583
 6.82851 -43.5568  19.2539
 5.85616 -26.8116  27.4041
 59.9854 -7.02884 -23.3627
 52.7035 -53.7765  25.3182
 47.0249 -64.7805  41.1606
25.7494 34.0281 39.8007
23.4589 25.2145 51.1424
 5.31846 -52.3152  22.4472
 4.39855 -63.8291   30.672
 6.19741 -39.2954  34.3357
 3.60294 -20.1985  36.5441
 9.39286 -53.1071   34.631
 4.85993  40.9016 -9.90541
8.87092 67.1469 1.55045
7.13889 42.5278 4.67857
6.92346 54.3786 13.3252
17.0319  65.152 16.6712
5.22581 25.0403 18.1202
 62.3896 -22.5985 -7.96866
  62.7828  -37.0657 -0.308081
 48.6266  9.07041 -32.7778
5.83071 57.2224  29.929
15.8592 52.2507 36.3606
4.28746 44.0087 40.5557
13.4238 38.6121 52.6525
11.4659 19.2057 62.5326
34.4775 23.5449 -16.849
 47.5331  32.0744 -7.29339
52.8398 24.1371 6.94788
 47.9264 -64.5178  21.1988
 44.9412 -75.5878  30.0098
  13.878 -46.5551  3.70472
 12.0902 -54.6132  15.0886
 21.8825 -17.1731 -27.3687
 30.1198 -30.1468 -18.2558
 47.1596  16.5479 -19.6489
 54.2829 -3.56154 -14.6453
 48.4936 -19.5637  -7.8758
 61.34 -18.08  -0.94
   49.9  -32.64 1.04667
  58.769 -45.9433  6.46489
 51.5409 -40.6151  11.7184
 63.8868 -34.1787   10.042
 53.9365 -46.1332  19.1751
 60.7111 -40.2333  21.2556
-10.5509 -18.4148  6.24627
-13.2117  10.5135  9.13964
   -25.5828     1.19382 -0.00854139
-19.7648 -4.44071 -1.60672
-26.0211 -21.0824 -15.5805
-23.6083   -4.125 -18.7417
-10.0143  12.1286 -7.75714
  10.694 -17.5514  6.49911
12.7983  11.377 9.79688
   25.1429    2.49471 -0.0747354
 19.4752 -3.44215 -1.56612
 26.6407 -19.6313 -15.6632
 22.8571 -2.98571 -18.7571
 8.96429    12.75 -7.07143
-nan -nan -nan
 2.55765  -68.109 -27.5283
13.9866 -48.392 -27.417
 12.4988 -58.7009 -25.2623
 7.34821 -70.7054 -37.0357
 19.8046 -58.1356 -49.2786
 18.8802 -57.7783 -34.4085
 38.9781 -50.5758 -35.5857
 16.4924 -47.1576 -36.2954
 5.08497 -58.7342 -56.4336
 22.8151 -44.7056 -48.6302
 24.0988 -68.0112 -39.1529
 33.0218 -66.6776 -36.4393
 30.8065 -58.0645 -51.3226
 17.6832 -40.6763 -44.3857
 29.8954 -58.0612 -41.6882
 28.5912  -77.132 -33.1675
-19 -77 -17
-5.02398 -62.2974 -20.7002
-14.4639 -46.6901 -27.5133
-11.1157 -57.3757 -22.2268
-7.35077 -68.9908 -40.1169
-17.6811 -60.1301 -48.6442
-20.8271 -56.3872 -37.9094
-36.9062 -54.5492 -35.4167
-16.1596 -46.6949 -34.7304
-7.71711 -60.8092 -52.1009
  -24.26 -45.6633  -48.438
-22.1976  -69.345 -39.6156
-32.8954 -69.0116 -37.0726
-18.9806 -73.4369 -39.5437
-16.0874  -42.763  -35.036
-17.7033 -67.0673   -39.98
 -26.623  -80.113 -34.8587
